{
 "cells": [
  {
   "cell_type": "code",
   "execution_count": 1,
   "metadata": {},
   "outputs": [],
   "source": [
    "## import necessary libraries \n",
    "import numpy as np\n",
    "import pandas as pd\n",
    "import matplotlib.pyplot as plt\n",
    "import seaborn as sns\n",
    "from sklearn.model_selection import train_test_split\n",
    "from sklearn.preprocessing import StandardScaler\n",
    "from sklearn.linear_model import LinearRegression\n",
    "from sklearn.metrics import accuracy_score\n",
    "from sklearn import metrics\n"
   ]
  },
  {
   "cell_type": "code",
   "execution_count": 2,
   "metadata": {},
   "outputs": [
    {
     "data": {
      "text/html": [
       "<div>\n",
       "<style scoped>\n",
       "    .dataframe tbody tr th:only-of-type {\n",
       "        vertical-align: middle;\n",
       "    }\n",
       "\n",
       "    .dataframe tbody tr th {\n",
       "        vertical-align: top;\n",
       "    }\n",
       "\n",
       "    .dataframe thead th {\n",
       "        text-align: right;\n",
       "    }\n",
       "</style>\n",
       "<table border=\"1\" class=\"dataframe\">\n",
       "  <thead>\n",
       "    <tr style=\"text-align: right;\">\n",
       "      <th></th>\n",
       "      <th>MONTH</th>\n",
       "      <th>DAY_OF_MONTH</th>\n",
       "      <th>DAY_OF_WEEK</th>\n",
       "      <th>OP_UNIQUE_CARRIER</th>\n",
       "      <th>TAIL_NUM</th>\n",
       "      <th>DEST</th>\n",
       "      <th>DEP_DELAY</th>\n",
       "      <th>CRS_ELAPSED_TIME</th>\n",
       "      <th>DISTANCE</th>\n",
       "      <th>CRS_DEP_M</th>\n",
       "      <th>...</th>\n",
       "      <th>Dew Point</th>\n",
       "      <th>Humidity</th>\n",
       "      <th>Wind</th>\n",
       "      <th>Wind Speed</th>\n",
       "      <th>Wind Gust</th>\n",
       "      <th>Pressure</th>\n",
       "      <th>Condition</th>\n",
       "      <th>sch_dep</th>\n",
       "      <th>sch_arr</th>\n",
       "      <th>TAXI_OUT</th>\n",
       "    </tr>\n",
       "  </thead>\n",
       "  <tbody>\n",
       "    <tr>\n",
       "      <th>0</th>\n",
       "      <td>11</td>\n",
       "      <td>1</td>\n",
       "      <td>5</td>\n",
       "      <td>B6</td>\n",
       "      <td>N828JB</td>\n",
       "      <td>CHS</td>\n",
       "      <td>-1</td>\n",
       "      <td>124</td>\n",
       "      <td>636</td>\n",
       "      <td>324</td>\n",
       "      <td>...</td>\n",
       "      <td>34</td>\n",
       "      <td>58</td>\n",
       "      <td>W</td>\n",
       "      <td>25</td>\n",
       "      <td>38</td>\n",
       "      <td>29.86</td>\n",
       "      <td>Fair / Windy</td>\n",
       "      <td>9</td>\n",
       "      <td>17</td>\n",
       "      <td>14</td>\n",
       "    </tr>\n",
       "    <tr>\n",
       "      <th>1</th>\n",
       "      <td>11</td>\n",
       "      <td>1</td>\n",
       "      <td>5</td>\n",
       "      <td>B6</td>\n",
       "      <td>N992JB</td>\n",
       "      <td>LAX</td>\n",
       "      <td>-7</td>\n",
       "      <td>371</td>\n",
       "      <td>2475</td>\n",
       "      <td>340</td>\n",
       "      <td>...</td>\n",
       "      <td>34</td>\n",
       "      <td>58</td>\n",
       "      <td>W</td>\n",
       "      <td>25</td>\n",
       "      <td>38</td>\n",
       "      <td>29.86</td>\n",
       "      <td>Fair / Windy</td>\n",
       "      <td>9</td>\n",
       "      <td>17</td>\n",
       "      <td>15</td>\n",
       "    </tr>\n",
       "    <tr>\n",
       "      <th>2</th>\n",
       "      <td>11</td>\n",
       "      <td>1</td>\n",
       "      <td>5</td>\n",
       "      <td>B6</td>\n",
       "      <td>N959JB</td>\n",
       "      <td>FLL</td>\n",
       "      <td>40</td>\n",
       "      <td>181</td>\n",
       "      <td>1069</td>\n",
       "      <td>301</td>\n",
       "      <td>...</td>\n",
       "      <td>34</td>\n",
       "      <td>58</td>\n",
       "      <td>W</td>\n",
       "      <td>25</td>\n",
       "      <td>38</td>\n",
       "      <td>29.86</td>\n",
       "      <td>Fair / Windy</td>\n",
       "      <td>9</td>\n",
       "      <td>17</td>\n",
       "      <td>22</td>\n",
       "    </tr>\n",
       "    <tr>\n",
       "      <th>3</th>\n",
       "      <td>11</td>\n",
       "      <td>1</td>\n",
       "      <td>5</td>\n",
       "      <td>B6</td>\n",
       "      <td>N999JQ</td>\n",
       "      <td>MCO</td>\n",
       "      <td>-2</td>\n",
       "      <td>168</td>\n",
       "      <td>944</td>\n",
       "      <td>345</td>\n",
       "      <td>...</td>\n",
       "      <td>34</td>\n",
       "      <td>58</td>\n",
       "      <td>W</td>\n",
       "      <td>25</td>\n",
       "      <td>38</td>\n",
       "      <td>29.86</td>\n",
       "      <td>Fair / Windy</td>\n",
       "      <td>9</td>\n",
       "      <td>17</td>\n",
       "      <td>12</td>\n",
       "    </tr>\n",
       "    <tr>\n",
       "      <th>4</th>\n",
       "      <td>11</td>\n",
       "      <td>1</td>\n",
       "      <td>5</td>\n",
       "      <td>DL</td>\n",
       "      <td>N880DN</td>\n",
       "      <td>ATL</td>\n",
       "      <td>-4</td>\n",
       "      <td>139</td>\n",
       "      <td>760</td>\n",
       "      <td>360</td>\n",
       "      <td>...</td>\n",
       "      <td>32</td>\n",
       "      <td>58</td>\n",
       "      <td>W</td>\n",
       "      <td>24</td>\n",
       "      <td>35</td>\n",
       "      <td>29.91</td>\n",
       "      <td>Fair / Windy</td>\n",
       "      <td>9</td>\n",
       "      <td>17</td>\n",
       "      <td>13</td>\n",
       "    </tr>\n",
       "  </tbody>\n",
       "</table>\n",
       "<p>5 rows × 23 columns</p>\n",
       "</div>"
      ],
      "text/plain": [
       "   MONTH  DAY_OF_MONTH  DAY_OF_WEEK OP_UNIQUE_CARRIER TAIL_NUM DEST   \n",
       "0     11             1            5                B6   N828JB  CHS  \\\n",
       "1     11             1            5                B6   N992JB  LAX   \n",
       "2     11             1            5                B6   N959JB  FLL   \n",
       "3     11             1            5                B6   N999JQ  MCO   \n",
       "4     11             1            5                DL   N880DN  ATL   \n",
       "\n",
       "   DEP_DELAY  CRS_ELAPSED_TIME  DISTANCE  CRS_DEP_M  ...  Dew Point  Humidity   \n",
       "0         -1               124       636        324  ...         34        58  \\\n",
       "1         -7               371      2475        340  ...         34        58   \n",
       "2         40               181      1069        301  ...         34        58   \n",
       "3         -2               168       944        345  ...         34        58   \n",
       "4         -4               139       760        360  ...         32        58   \n",
       "\n",
       "   Wind Wind Speed  Wind Gust Pressure     Condition  sch_dep  sch_arr   \n",
       "0     W         25         38    29.86  Fair / Windy        9       17  \\\n",
       "1     W         25         38    29.86  Fair / Windy        9       17   \n",
       "2     W         25         38    29.86  Fair / Windy        9       17   \n",
       "3     W         25         38    29.86  Fair / Windy        9       17   \n",
       "4     W         24         35    29.91  Fair / Windy        9       17   \n",
       "\n",
       "  TAXI_OUT  \n",
       "0       14  \n",
       "1       15  \n",
       "2       22  \n",
       "3       12  \n",
       "4       13  \n",
       "\n",
       "[5 rows x 23 columns]"
      ]
     },
     "execution_count": 2,
     "metadata": {},
     "output_type": "execute_result"
    }
   ],
   "source": [
    "## loading the data \n",
    "data = pd.read_csv(\"M1_final.csv\")\n",
    "data.head()\n"
   ]
  },
  {
   "cell_type": "code",
   "execution_count": 3,
   "metadata": {},
   "outputs": [
    {
     "name": "stdout",
     "output_type": "stream",
     "text": [
      "<class 'pandas.core.frame.DataFrame'>\n",
      "RangeIndex: 28820 entries, 0 to 28819\n",
      "Data columns (total 23 columns):\n",
      " #   Column             Non-Null Count  Dtype  \n",
      "---  ------             --------------  -----  \n",
      " 0   MONTH              28820 non-null  int64  \n",
      " 1   DAY_OF_MONTH       28820 non-null  int64  \n",
      " 2   DAY_OF_WEEK        28820 non-null  int64  \n",
      " 3   OP_UNIQUE_CARRIER  28820 non-null  object \n",
      " 4   TAIL_NUM           28820 non-null  object \n",
      " 5   DEST               28820 non-null  object \n",
      " 6   DEP_DELAY          28820 non-null  int64  \n",
      " 7   CRS_ELAPSED_TIME   28820 non-null  int64  \n",
      " 8   DISTANCE           28820 non-null  int64  \n",
      " 9   CRS_DEP_M          28820 non-null  int64  \n",
      " 10  DEP_TIME_M         28820 non-null  int64  \n",
      " 11  CRS_ARR_M          28820 non-null  int64  \n",
      " 12  Temperature        28820 non-null  int64  \n",
      " 13  Dew Point          28820 non-null  object \n",
      " 14  Humidity           28820 non-null  int64  \n",
      " 15  Wind               28818 non-null  object \n",
      " 16  Wind Speed         28820 non-null  int64  \n",
      " 17  Wind Gust          28820 non-null  int64  \n",
      " 18  Pressure           28820 non-null  float64\n",
      " 19  Condition          28820 non-null  object \n",
      " 20  sch_dep            28820 non-null  int64  \n",
      " 21  sch_arr            28820 non-null  int64  \n",
      " 22  TAXI_OUT           28820 non-null  int64  \n",
      "dtypes: float64(1), int64(16), object(6)\n",
      "memory usage: 5.1+ MB\n"
     ]
    }
   ],
   "source": [
    "## info about the data \n",
    "data.info()"
   ]
  },
  {
   "cell_type": "code",
   "execution_count": 4,
   "metadata": {},
   "outputs": [
    {
     "data": {
      "text/plain": [
       "MONTH                0\n",
       "DAY_OF_MONTH         0\n",
       "DAY_OF_WEEK          0\n",
       "OP_UNIQUE_CARRIER    0\n",
       "TAIL_NUM             0\n",
       "DEST                 0\n",
       "DEP_DELAY            0\n",
       "CRS_ELAPSED_TIME     0\n",
       "DISTANCE             0\n",
       "CRS_DEP_M            0\n",
       "DEP_TIME_M           0\n",
       "CRS_ARR_M            0\n",
       "Temperature          0\n",
       "Dew Point            0\n",
       "Humidity             0\n",
       "Wind                 2\n",
       "Wind Speed           0\n",
       "Wind Gust            0\n",
       "Pressure             0\n",
       "Condition            0\n",
       "sch_dep              0\n",
       "sch_arr              0\n",
       "TAXI_OUT             0\n",
       "dtype: int64"
      ]
     },
     "execution_count": 4,
     "metadata": {},
     "output_type": "execute_result"
    }
   ],
   "source": [
    "## any null values? a double check \n",
    "data.isnull().sum()"
   ]
  },
  {
   "cell_type": "code",
   "execution_count": 5,
   "metadata": {},
   "outputs": [],
   "source": [
    "## replace missing values \n",
    "mode = data[\"Wind\"].mode().values[0]\n",
    "data[\"Wind\"].fillna(mode, inplace = True)"
   ]
  },
  {
   "cell_type": "code",
   "execution_count": 6,
   "metadata": {},
   "outputs": [],
   "source": [
    "## change object to integer for dew point as has numeric values \n",
    "data[\"Dew Point\"] = data[\"Dew Point\"].astype(str).astype(int)"
   ]
  },
  {
   "cell_type": "code",
   "execution_count": 7,
   "metadata": {},
   "outputs": [
    {
     "data": {
      "text/plain": [
       "MONTH                0\n",
       "DAY_OF_MONTH         0\n",
       "DAY_OF_WEEK          0\n",
       "OP_UNIQUE_CARRIER    0\n",
       "TAIL_NUM             0\n",
       "DEST                 0\n",
       "DEP_DELAY            0\n",
       "CRS_ELAPSED_TIME     0\n",
       "DISTANCE             0\n",
       "CRS_DEP_M            0\n",
       "DEP_TIME_M           0\n",
       "CRS_ARR_M            0\n",
       "Temperature          0\n",
       "Dew Point            0\n",
       "Humidity             0\n",
       "Wind                 0\n",
       "Wind Speed           0\n",
       "Wind Gust            0\n",
       "Pressure             0\n",
       "Condition            0\n",
       "sch_dep              0\n",
       "sch_arr              0\n",
       "TAXI_OUT             0\n",
       "dtype: int64"
      ]
     },
     "execution_count": 7,
     "metadata": {},
     "output_type": "execute_result"
    }
   ],
   "source": [
    "## any null values?\n",
    "data.isnull().sum()"
   ]
  },
  {
   "cell_type": "code",
   "execution_count": 8,
   "metadata": {},
   "outputs": [
    {
     "data": {
      "text/html": [
       "<div>\n",
       "<style scoped>\n",
       "    .dataframe tbody tr th:only-of-type {\n",
       "        vertical-align: middle;\n",
       "    }\n",
       "\n",
       "    .dataframe tbody tr th {\n",
       "        vertical-align: top;\n",
       "    }\n",
       "\n",
       "    .dataframe thead th {\n",
       "        text-align: right;\n",
       "    }\n",
       "</style>\n",
       "<table border=\"1\" class=\"dataframe\">\n",
       "  <thead>\n",
       "    <tr style=\"text-align: right;\">\n",
       "      <th></th>\n",
       "      <th>MONTH</th>\n",
       "      <th>DAY_OF_MONTH</th>\n",
       "      <th>DAY_OF_WEEK</th>\n",
       "      <th>DEP_DELAY</th>\n",
       "      <th>CRS_ELAPSED_TIME</th>\n",
       "      <th>DISTANCE</th>\n",
       "      <th>CRS_DEP_M</th>\n",
       "      <th>DEP_TIME_M</th>\n",
       "      <th>CRS_ARR_M</th>\n",
       "      <th>Temperature</th>\n",
       "      <th>Dew Point</th>\n",
       "      <th>Humidity</th>\n",
       "      <th>Wind Speed</th>\n",
       "      <th>Wind Gust</th>\n",
       "      <th>Pressure</th>\n",
       "      <th>sch_dep</th>\n",
       "      <th>sch_arr</th>\n",
       "      <th>TAXI_OUT</th>\n",
       "    </tr>\n",
       "  </thead>\n",
       "  <tbody>\n",
       "    <tr>\n",
       "      <th>MONTH</th>\n",
       "      <td>1.000000</td>\n",
       "      <td>-0.007254</td>\n",
       "      <td>0.029365</td>\n",
       "      <td>0.046455</td>\n",
       "      <td>-0.016052</td>\n",
       "      <td>-0.000144</td>\n",
       "      <td>0.001824</td>\n",
       "      <td>0.002632</td>\n",
       "      <td>-0.012361</td>\n",
       "      <td>0.135682</td>\n",
       "      <td>0.135040</td>\n",
       "      <td>0.012515</td>\n",
       "      <td>-0.035097</td>\n",
       "      <td>-0.051014</td>\n",
       "      <td>-0.085274</td>\n",
       "      <td>-0.006191</td>\n",
       "      <td>-0.019705</td>\n",
       "      <td>0.018505</td>\n",
       "    </tr>\n",
       "    <tr>\n",
       "      <th>DAY_OF_MONTH</th>\n",
       "      <td>-0.007254</td>\n",
       "      <td>1.000000</td>\n",
       "      <td>-0.029732</td>\n",
       "      <td>-0.036618</td>\n",
       "      <td>0.002761</td>\n",
       "      <td>-0.002762</td>\n",
       "      <td>0.001754</td>\n",
       "      <td>0.004446</td>\n",
       "      <td>0.008519</td>\n",
       "      <td>-0.132457</td>\n",
       "      <td>-0.040129</td>\n",
       "      <td>0.096215</td>\n",
       "      <td>-0.093211</td>\n",
       "      <td>-0.088991</td>\n",
       "      <td>0.016871</td>\n",
       "      <td>-0.003417</td>\n",
       "      <td>0.002223</td>\n",
       "      <td>-0.023990</td>\n",
       "    </tr>\n",
       "    <tr>\n",
       "      <th>DAY_OF_WEEK</th>\n",
       "      <td>0.029365</td>\n",
       "      <td>-0.029732</td>\n",
       "      <td>1.000000</td>\n",
       "      <td>-0.006203</td>\n",
       "      <td>0.000413</td>\n",
       "      <td>0.002450</td>\n",
       "      <td>0.005411</td>\n",
       "      <td>0.008256</td>\n",
       "      <td>-0.003339</td>\n",
       "      <td>0.013081</td>\n",
       "      <td>-0.073816</td>\n",
       "      <td>0.001627</td>\n",
       "      <td>0.095943</td>\n",
       "      <td>0.127689</td>\n",
       "      <td>0.102289</td>\n",
       "      <td>0.024415</td>\n",
       "      <td>0.009621</td>\n",
       "      <td>0.028388</td>\n",
       "    </tr>\n",
       "    <tr>\n",
       "      <th>DEP_DELAY</th>\n",
       "      <td>0.046455</td>\n",
       "      <td>-0.036618</td>\n",
       "      <td>-0.006203</td>\n",
       "      <td>1.000000</td>\n",
       "      <td>-0.030871</td>\n",
       "      <td>-0.031507</td>\n",
       "      <td>0.102384</td>\n",
       "      <td>0.072340</td>\n",
       "      <td>0.043691</td>\n",
       "      <td>-0.032261</td>\n",
       "      <td>-0.000013</td>\n",
       "      <td>-0.011776</td>\n",
       "      <td>0.067718</td>\n",
       "      <td>0.044340</td>\n",
       "      <td>-0.064939</td>\n",
       "      <td>-0.065452</td>\n",
       "      <td>-0.006949</td>\n",
       "      <td>0.034881</td>\n",
       "    </tr>\n",
       "    <tr>\n",
       "      <th>CRS_ELAPSED_TIME</th>\n",
       "      <td>-0.016052</td>\n",
       "      <td>0.002761</td>\n",
       "      <td>0.000413</td>\n",
       "      <td>-0.030871</td>\n",
       "      <td>1.000000</td>\n",
       "      <td>0.994465</td>\n",
       "      <td>-0.031332</td>\n",
       "      <td>-0.021391</td>\n",
       "      <td>0.035186</td>\n",
       "      <td>-0.016050</td>\n",
       "      <td>0.007246</td>\n",
       "      <td>0.017198</td>\n",
       "      <td>-0.013440</td>\n",
       "      <td>-0.011934</td>\n",
       "      <td>0.010165</td>\n",
       "      <td>0.083426</td>\n",
       "      <td>-0.067669</td>\n",
       "      <td>0.070838</td>\n",
       "    </tr>\n",
       "    <tr>\n",
       "      <th>DISTANCE</th>\n",
       "      <td>-0.000144</td>\n",
       "      <td>-0.002762</td>\n",
       "      <td>0.002450</td>\n",
       "      <td>-0.031507</td>\n",
       "      <td>0.994465</td>\n",
       "      <td>1.000000</td>\n",
       "      <td>-0.040963</td>\n",
       "      <td>-0.034604</td>\n",
       "      <td>0.008520</td>\n",
       "      <td>-0.009923</td>\n",
       "      <td>0.009789</td>\n",
       "      <td>0.015110</td>\n",
       "      <td>-0.010734</td>\n",
       "      <td>-0.009522</td>\n",
       "      <td>0.005692</td>\n",
       "      <td>0.059174</td>\n",
       "      <td>-0.088793</td>\n",
       "      <td>0.059856</td>\n",
       "    </tr>\n",
       "    <tr>\n",
       "      <th>CRS_DEP_M</th>\n",
       "      <td>0.001824</td>\n",
       "      <td>0.001754</td>\n",
       "      <td>0.005411</td>\n",
       "      <td>0.102384</td>\n",
       "      <td>-0.031332</td>\n",
       "      <td>-0.040963</td>\n",
       "      <td>1.000000</td>\n",
       "      <td>0.946023</td>\n",
       "      <td>0.452476</td>\n",
       "      <td>0.086371</td>\n",
       "      <td>0.001578</td>\n",
       "      <td>0.003843</td>\n",
       "      <td>0.008063</td>\n",
       "      <td>-0.009887</td>\n",
       "      <td>-0.008285</td>\n",
       "      <td>-0.025621</td>\n",
       "      <td>0.495286</td>\n",
       "      <td>0.044864</td>\n",
       "    </tr>\n",
       "    <tr>\n",
       "      <th>DEP_TIME_M</th>\n",
       "      <td>0.002632</td>\n",
       "      <td>0.004446</td>\n",
       "      <td>0.008256</td>\n",
       "      <td>0.072340</td>\n",
       "      <td>-0.021391</td>\n",
       "      <td>-0.034604</td>\n",
       "      <td>0.946023</td>\n",
       "      <td>1.000000</td>\n",
       "      <td>0.469758</td>\n",
       "      <td>0.098105</td>\n",
       "      <td>0.008907</td>\n",
       "      <td>-0.005923</td>\n",
       "      <td>0.006033</td>\n",
       "      <td>-0.014336</td>\n",
       "      <td>-0.009410</td>\n",
       "      <td>0.025609</td>\n",
       "      <td>0.544197</td>\n",
       "      <td>0.057896</td>\n",
       "    </tr>\n",
       "    <tr>\n",
       "      <th>CRS_ARR_M</th>\n",
       "      <td>-0.012361</td>\n",
       "      <td>0.008519</td>\n",
       "      <td>-0.003339</td>\n",
       "      <td>0.043691</td>\n",
       "      <td>0.035186</td>\n",
       "      <td>0.008520</td>\n",
       "      <td>0.452476</td>\n",
       "      <td>0.469758</td>\n",
       "      <td>1.000000</td>\n",
       "      <td>0.101620</td>\n",
       "      <td>-0.000442</td>\n",
       "      <td>-0.033163</td>\n",
       "      <td>0.014180</td>\n",
       "      <td>0.004486</td>\n",
       "      <td>-0.012682</td>\n",
       "      <td>0.149903</td>\n",
       "      <td>0.424209</td>\n",
       "      <td>0.071377</td>\n",
       "    </tr>\n",
       "    <tr>\n",
       "      <th>Temperature</th>\n",
       "      <td>0.135682</td>\n",
       "      <td>-0.132457</td>\n",
       "      <td>0.013081</td>\n",
       "      <td>-0.032261</td>\n",
       "      <td>-0.016050</td>\n",
       "      <td>-0.009923</td>\n",
       "      <td>0.086371</td>\n",
       "      <td>0.098105</td>\n",
       "      <td>0.101620</td>\n",
       "      <td>1.000000</td>\n",
       "      <td>0.787864</td>\n",
       "      <td>0.054401</td>\n",
       "      <td>0.010603</td>\n",
       "      <td>-0.039487</td>\n",
       "      <td>-0.376730</td>\n",
       "      <td>-0.022534</td>\n",
       "      <td>0.075958</td>\n",
       "      <td>-0.067574</td>\n",
       "    </tr>\n",
       "    <tr>\n",
       "      <th>Dew Point</th>\n",
       "      <td>0.135040</td>\n",
       "      <td>-0.040129</td>\n",
       "      <td>-0.073816</td>\n",
       "      <td>-0.000013</td>\n",
       "      <td>0.007246</td>\n",
       "      <td>0.009789</td>\n",
       "      <td>0.001578</td>\n",
       "      <td>0.008907</td>\n",
       "      <td>-0.000442</td>\n",
       "      <td>0.787864</td>\n",
       "      <td>1.000000</td>\n",
       "      <td>0.195262</td>\n",
       "      <td>-0.142122</td>\n",
       "      <td>-0.163160</td>\n",
       "      <td>-0.489134</td>\n",
       "      <td>0.013031</td>\n",
       "      <td>0.003097</td>\n",
       "      <td>0.010216</td>\n",
       "    </tr>\n",
       "    <tr>\n",
       "      <th>Humidity</th>\n",
       "      <td>0.012515</td>\n",
       "      <td>0.096215</td>\n",
       "      <td>0.001627</td>\n",
       "      <td>-0.011776</td>\n",
       "      <td>0.017198</td>\n",
       "      <td>0.015110</td>\n",
       "      <td>0.003843</td>\n",
       "      <td>-0.005923</td>\n",
       "      <td>-0.033163</td>\n",
       "      <td>0.054401</td>\n",
       "      <td>0.195262</td>\n",
       "      <td>1.000000</td>\n",
       "      <td>-0.110274</td>\n",
       "      <td>-0.106828</td>\n",
       "      <td>0.033677</td>\n",
       "      <td>0.035358</td>\n",
       "      <td>-0.027042</td>\n",
       "      <td>-0.026826</td>\n",
       "    </tr>\n",
       "    <tr>\n",
       "      <th>Wind Speed</th>\n",
       "      <td>-0.035097</td>\n",
       "      <td>-0.093211</td>\n",
       "      <td>0.095943</td>\n",
       "      <td>0.067718</td>\n",
       "      <td>-0.013440</td>\n",
       "      <td>-0.010734</td>\n",
       "      <td>0.008063</td>\n",
       "      <td>0.006033</td>\n",
       "      <td>0.014180</td>\n",
       "      <td>0.010603</td>\n",
       "      <td>-0.142122</td>\n",
       "      <td>-0.110274</td>\n",
       "      <td>1.000000</td>\n",
       "      <td>0.698795</td>\n",
       "      <td>-0.309978</td>\n",
       "      <td>-0.024948</td>\n",
       "      <td>-0.013499</td>\n",
       "      <td>0.062522</td>\n",
       "    </tr>\n",
       "    <tr>\n",
       "      <th>Wind Gust</th>\n",
       "      <td>-0.051014</td>\n",
       "      <td>-0.088991</td>\n",
       "      <td>0.127689</td>\n",
       "      <td>0.044340</td>\n",
       "      <td>-0.011934</td>\n",
       "      <td>-0.009522</td>\n",
       "      <td>-0.009887</td>\n",
       "      <td>-0.014336</td>\n",
       "      <td>0.004486</td>\n",
       "      <td>-0.039487</td>\n",
       "      <td>-0.163160</td>\n",
       "      <td>-0.106828</td>\n",
       "      <td>0.698795</td>\n",
       "      <td>1.000000</td>\n",
       "      <td>-0.186249</td>\n",
       "      <td>-0.023190</td>\n",
       "      <td>-0.016584</td>\n",
       "      <td>0.095643</td>\n",
       "    </tr>\n",
       "    <tr>\n",
       "      <th>Pressure</th>\n",
       "      <td>-0.085274</td>\n",
       "      <td>0.016871</td>\n",
       "      <td>0.102289</td>\n",
       "      <td>-0.064939</td>\n",
       "      <td>0.010165</td>\n",
       "      <td>0.005692</td>\n",
       "      <td>-0.008285</td>\n",
       "      <td>-0.009410</td>\n",
       "      <td>-0.012682</td>\n",
       "      <td>-0.376730</td>\n",
       "      <td>-0.489134</td>\n",
       "      <td>0.033677</td>\n",
       "      <td>-0.309978</td>\n",
       "      <td>-0.186249</td>\n",
       "      <td>1.000000</td>\n",
       "      <td>0.051195</td>\n",
       "      <td>-0.006583</td>\n",
       "      <td>-0.059290</td>\n",
       "    </tr>\n",
       "    <tr>\n",
       "      <th>sch_dep</th>\n",
       "      <td>-0.006191</td>\n",
       "      <td>-0.003417</td>\n",
       "      <td>0.024415</td>\n",
       "      <td>-0.065452</td>\n",
       "      <td>0.083426</td>\n",
       "      <td>0.059174</td>\n",
       "      <td>-0.025621</td>\n",
       "      <td>0.025609</td>\n",
       "      <td>0.149903</td>\n",
       "      <td>-0.022534</td>\n",
       "      <td>0.013031</td>\n",
       "      <td>0.035358</td>\n",
       "      <td>-0.024948</td>\n",
       "      <td>-0.023190</td>\n",
       "      <td>0.051195</td>\n",
       "      <td>1.000000</td>\n",
       "      <td>0.036167</td>\n",
       "      <td>0.190101</td>\n",
       "    </tr>\n",
       "    <tr>\n",
       "      <th>sch_arr</th>\n",
       "      <td>-0.019705</td>\n",
       "      <td>0.002223</td>\n",
       "      <td>0.009621</td>\n",
       "      <td>-0.006949</td>\n",
       "      <td>-0.067669</td>\n",
       "      <td>-0.088793</td>\n",
       "      <td>0.495286</td>\n",
       "      <td>0.544197</td>\n",
       "      <td>0.424209</td>\n",
       "      <td>0.075958</td>\n",
       "      <td>0.003097</td>\n",
       "      <td>-0.027042</td>\n",
       "      <td>-0.013499</td>\n",
       "      <td>-0.016584</td>\n",
       "      <td>-0.006583</td>\n",
       "      <td>0.036167</td>\n",
       "      <td>1.000000</td>\n",
       "      <td>0.064284</td>\n",
       "    </tr>\n",
       "    <tr>\n",
       "      <th>TAXI_OUT</th>\n",
       "      <td>0.018505</td>\n",
       "      <td>-0.023990</td>\n",
       "      <td>0.028388</td>\n",
       "      <td>0.034881</td>\n",
       "      <td>0.070838</td>\n",
       "      <td>0.059856</td>\n",
       "      <td>0.044864</td>\n",
       "      <td>0.057896</td>\n",
       "      <td>0.071377</td>\n",
       "      <td>-0.067574</td>\n",
       "      <td>0.010216</td>\n",
       "      <td>-0.026826</td>\n",
       "      <td>0.062522</td>\n",
       "      <td>0.095643</td>\n",
       "      <td>-0.059290</td>\n",
       "      <td>0.190101</td>\n",
       "      <td>0.064284</td>\n",
       "      <td>1.000000</td>\n",
       "    </tr>\n",
       "  </tbody>\n",
       "</table>\n",
       "</div>"
      ],
      "text/plain": [
       "                     MONTH  DAY_OF_MONTH  DAY_OF_WEEK  DEP_DELAY   \n",
       "MONTH             1.000000     -0.007254     0.029365   0.046455  \\\n",
       "DAY_OF_MONTH     -0.007254      1.000000    -0.029732  -0.036618   \n",
       "DAY_OF_WEEK       0.029365     -0.029732     1.000000  -0.006203   \n",
       "DEP_DELAY         0.046455     -0.036618    -0.006203   1.000000   \n",
       "CRS_ELAPSED_TIME -0.016052      0.002761     0.000413  -0.030871   \n",
       "DISTANCE         -0.000144     -0.002762     0.002450  -0.031507   \n",
       "CRS_DEP_M         0.001824      0.001754     0.005411   0.102384   \n",
       "DEP_TIME_M        0.002632      0.004446     0.008256   0.072340   \n",
       "CRS_ARR_M        -0.012361      0.008519    -0.003339   0.043691   \n",
       "Temperature       0.135682     -0.132457     0.013081  -0.032261   \n",
       "Dew Point         0.135040     -0.040129    -0.073816  -0.000013   \n",
       "Humidity          0.012515      0.096215     0.001627  -0.011776   \n",
       "Wind Speed       -0.035097     -0.093211     0.095943   0.067718   \n",
       "Wind Gust        -0.051014     -0.088991     0.127689   0.044340   \n",
       "Pressure         -0.085274      0.016871     0.102289  -0.064939   \n",
       "sch_dep          -0.006191     -0.003417     0.024415  -0.065452   \n",
       "sch_arr          -0.019705      0.002223     0.009621  -0.006949   \n",
       "TAXI_OUT          0.018505     -0.023990     0.028388   0.034881   \n",
       "\n",
       "                  CRS_ELAPSED_TIME  DISTANCE  CRS_DEP_M  DEP_TIME_M   \n",
       "MONTH                    -0.016052 -0.000144   0.001824    0.002632  \\\n",
       "DAY_OF_MONTH              0.002761 -0.002762   0.001754    0.004446   \n",
       "DAY_OF_WEEK               0.000413  0.002450   0.005411    0.008256   \n",
       "DEP_DELAY                -0.030871 -0.031507   0.102384    0.072340   \n",
       "CRS_ELAPSED_TIME          1.000000  0.994465  -0.031332   -0.021391   \n",
       "DISTANCE                  0.994465  1.000000  -0.040963   -0.034604   \n",
       "CRS_DEP_M                -0.031332 -0.040963   1.000000    0.946023   \n",
       "DEP_TIME_M               -0.021391 -0.034604   0.946023    1.000000   \n",
       "CRS_ARR_M                 0.035186  0.008520   0.452476    0.469758   \n",
       "Temperature              -0.016050 -0.009923   0.086371    0.098105   \n",
       "Dew Point                 0.007246  0.009789   0.001578    0.008907   \n",
       "Humidity                  0.017198  0.015110   0.003843   -0.005923   \n",
       "Wind Speed               -0.013440 -0.010734   0.008063    0.006033   \n",
       "Wind Gust                -0.011934 -0.009522  -0.009887   -0.014336   \n",
       "Pressure                  0.010165  0.005692  -0.008285   -0.009410   \n",
       "sch_dep                   0.083426  0.059174  -0.025621    0.025609   \n",
       "sch_arr                  -0.067669 -0.088793   0.495286    0.544197   \n",
       "TAXI_OUT                  0.070838  0.059856   0.044864    0.057896   \n",
       "\n",
       "                  CRS_ARR_M  Temperature  Dew Point  Humidity  Wind Speed   \n",
       "MONTH             -0.012361     0.135682   0.135040  0.012515   -0.035097  \\\n",
       "DAY_OF_MONTH       0.008519    -0.132457  -0.040129  0.096215   -0.093211   \n",
       "DAY_OF_WEEK       -0.003339     0.013081  -0.073816  0.001627    0.095943   \n",
       "DEP_DELAY          0.043691    -0.032261  -0.000013 -0.011776    0.067718   \n",
       "CRS_ELAPSED_TIME   0.035186    -0.016050   0.007246  0.017198   -0.013440   \n",
       "DISTANCE           0.008520    -0.009923   0.009789  0.015110   -0.010734   \n",
       "CRS_DEP_M          0.452476     0.086371   0.001578  0.003843    0.008063   \n",
       "DEP_TIME_M         0.469758     0.098105   0.008907 -0.005923    0.006033   \n",
       "CRS_ARR_M          1.000000     0.101620  -0.000442 -0.033163    0.014180   \n",
       "Temperature        0.101620     1.000000   0.787864  0.054401    0.010603   \n",
       "Dew Point         -0.000442     0.787864   1.000000  0.195262   -0.142122   \n",
       "Humidity          -0.033163     0.054401   0.195262  1.000000   -0.110274   \n",
       "Wind Speed         0.014180     0.010603  -0.142122 -0.110274    1.000000   \n",
       "Wind Gust          0.004486    -0.039487  -0.163160 -0.106828    0.698795   \n",
       "Pressure          -0.012682    -0.376730  -0.489134  0.033677   -0.309978   \n",
       "sch_dep            0.149903    -0.022534   0.013031  0.035358   -0.024948   \n",
       "sch_arr            0.424209     0.075958   0.003097 -0.027042   -0.013499   \n",
       "TAXI_OUT           0.071377    -0.067574   0.010216 -0.026826    0.062522   \n",
       "\n",
       "                  Wind Gust  Pressure   sch_dep   sch_arr  TAXI_OUT  \n",
       "MONTH             -0.051014 -0.085274 -0.006191 -0.019705  0.018505  \n",
       "DAY_OF_MONTH      -0.088991  0.016871 -0.003417  0.002223 -0.023990  \n",
       "DAY_OF_WEEK        0.127689  0.102289  0.024415  0.009621  0.028388  \n",
       "DEP_DELAY          0.044340 -0.064939 -0.065452 -0.006949  0.034881  \n",
       "CRS_ELAPSED_TIME  -0.011934  0.010165  0.083426 -0.067669  0.070838  \n",
       "DISTANCE          -0.009522  0.005692  0.059174 -0.088793  0.059856  \n",
       "CRS_DEP_M         -0.009887 -0.008285 -0.025621  0.495286  0.044864  \n",
       "DEP_TIME_M        -0.014336 -0.009410  0.025609  0.544197  0.057896  \n",
       "CRS_ARR_M          0.004486 -0.012682  0.149903  0.424209  0.071377  \n",
       "Temperature       -0.039487 -0.376730 -0.022534  0.075958 -0.067574  \n",
       "Dew Point         -0.163160 -0.489134  0.013031  0.003097  0.010216  \n",
       "Humidity          -0.106828  0.033677  0.035358 -0.027042 -0.026826  \n",
       "Wind Speed         0.698795 -0.309978 -0.024948 -0.013499  0.062522  \n",
       "Wind Gust          1.000000 -0.186249 -0.023190 -0.016584  0.095643  \n",
       "Pressure          -0.186249  1.000000  0.051195 -0.006583 -0.059290  \n",
       "sch_dep           -0.023190  0.051195  1.000000  0.036167  0.190101  \n",
       "sch_arr           -0.016584 -0.006583  0.036167  1.000000  0.064284  \n",
       "TAXI_OUT           0.095643 -0.059290  0.190101  0.064284  1.000000  "
      ]
     },
     "execution_count": 8,
     "metadata": {},
     "output_type": "execute_result"
    }
   ],
   "source": [
    "## what correlation is there between the data?\n",
    "corr_flights = data.corr(numeric_only= True)\n",
    "corr_flights"
   ]
  },
  {
   "cell_type": "code",
   "execution_count": 23,
   "metadata": {},
   "outputs": [
    {
     "data": {
